<svg width="85" height="30" viewBox="0 0 85 30" fill="none" xmlns="http://www.w3.org/2000/svg">
<g clip-path="url(#clip0_214_51)">
<rect width="16" height="4.00003" transform="translate(0 16.3137) rotate(-45)" fill="#FFE45E"/>
<rect width="20" height="4.00003" transform="translate(7.14209 19.1422) rotate(-45)" fill="#5EABE3"/>
<rect width="24" height="4.00003" transform="translate(14.1128 21.9706) rotate(-45)" fill="#FF6392"/>
</g>
<path d="M43.4577 22V8.90909H45.4329V20.2997H51.3647V22H43.4577ZM57.6001 22.1982C56.6797 22.1982 55.8764 21.9872 55.1903 21.5653C54.5043 21.1435 53.9716 20.5533 53.5923 19.7947C53.2131 19.0362 53.0234 18.1499 53.0234 17.1357C53.0234 16.1172 53.2131 15.2266 53.5923 14.4638C53.9716 13.701 54.5043 13.1087 55.1903 12.6868C55.8764 12.2649 56.6797 12.054 57.6001 12.054C58.5206 12.054 59.3239 12.2649 60.0099 12.6868C60.696 13.1087 61.2287 13.701 61.608 14.4638C61.9872 15.2266 62.1768 16.1172 62.1768 17.1357C62.1768 18.1499 61.9872 19.0362 61.608 19.7947C61.2287 20.5533 60.696 21.1435 60.0099 21.5653C59.3239 21.9872 58.5206 22.1982 57.6001 22.1982ZM57.6065 20.5938C58.2031 20.5938 58.6974 20.4361 59.0895 20.1207C59.4815 19.8054 59.7713 19.3857 59.9588 18.8615C60.1506 18.3374 60.2464 17.7599 60.2464 17.1293C60.2464 16.5028 60.1506 15.9276 59.9588 15.4034C59.7713 14.875 59.4815 14.451 59.0895 14.1314C58.6974 13.8118 58.2031 13.652 57.6065 13.652C57.0057 13.652 56.5071 13.8118 56.1108 14.1314C55.7188 14.451 55.4268 14.875 55.2351 15.4034C55.0476 15.9276 54.9538 16.5028 54.9538 17.1293C54.9538 17.7599 55.0476 18.3374 55.2351 18.8615C55.4268 19.3857 55.7188 19.8054 56.1108 20.1207C56.5071 20.4361 57.0057 20.5938 57.6065 20.5938ZM68.4267 25.8864C67.6468 25.8864 66.9757 25.7841 66.4132 25.5795C65.8549 25.375 65.399 25.1044 65.0453 24.7678C64.6916 24.4311 64.4274 24.0625 64.2527 23.6619L65.8954 22.9844C66.0105 23.1719 66.1639 23.37 66.3556 23.5788C66.5517 23.7919 66.8159 23.973 67.1483 24.1222C67.4849 24.2713 67.9174 24.3459 68.4458 24.3459C69.1703 24.3459 69.769 24.169 70.242 23.8153C70.715 23.4659 70.9515 22.9077 70.9515 22.1406V20.2102H70.8301C70.715 20.419 70.5488 20.6513 70.3315 20.907C70.1184 21.1626 69.8244 21.3842 69.4494 21.5717C69.0744 21.7592 68.5865 21.853 67.9856 21.853C67.21 21.853 66.5112 21.6719 65.889 21.3097C65.2711 20.9432 64.7811 20.4041 64.4189 19.6925C64.0609 18.9766 63.8819 18.0966 63.8819 17.0526C63.8819 16.0085 64.0588 15.1136 64.4125 14.3679C64.7704 13.6222 65.2605 13.0511 65.8826 12.6548C66.5048 12.2543 67.21 12.054 67.9984 12.054C68.6078 12.054 69.1 12.1562 69.475 12.3608C69.85 12.5611 70.1419 12.7955 70.3507 13.0639C70.5637 13.3324 70.7278 13.5689 70.8429 13.7734H70.9835V12.1818H72.8564V22.2173C72.8564 23.0611 72.6603 23.7536 72.2683 24.2947C71.8762 24.8359 71.3457 25.2365 70.6767 25.4964C70.0119 25.7564 69.2619 25.8864 68.4267 25.8864ZM68.4075 20.2678C68.9572 20.2678 69.4217 20.1399 69.801 19.8842C70.1845 19.6243 70.4743 19.2536 70.6703 18.772C70.8706 18.2862 70.9707 17.7045 70.9707 17.027C70.9707 16.3665 70.8727 15.7848 70.6767 15.282C70.4806 14.7791 70.193 14.3871 69.8137 14.1058C69.4345 13.8203 68.9657 13.6776 68.4075 13.6776C67.8322 13.6776 67.3528 13.8267 66.9693 14.125C66.5858 14.419 66.296 14.8196 66.1 15.3267C65.9082 15.8338 65.8123 16.4006 65.8123 17.027C65.8123 17.6705 65.9103 18.2351 66.1064 18.7209C66.3024 19.2067 66.5922 19.5859 66.9757 19.8587C67.3635 20.1314 67.8407 20.2678 68.4075 20.2678ZM79.5552 22.1982C78.6348 22.1982 77.8315 21.9872 77.1454 21.5653C76.4593 21.1435 75.9267 20.5533 75.5474 19.7947C75.1681 19.0362 74.9785 18.1499 74.9785 17.1357C74.9785 16.1172 75.1681 15.2266 75.5474 14.4638C75.9267 13.701 76.4593 13.1087 77.1454 12.6868C77.8315 12.2649 78.6348 12.054 79.5552 12.054C80.4757 12.054 81.2789 12.2649 81.965 12.6868C82.6511 13.1087 83.1838 13.701 83.563 14.4638C83.9423 15.2266 84.1319 16.1172 84.1319 17.1357C84.1319 18.1499 83.9423 19.0362 83.563 19.7947C83.1838 20.5533 82.6511 21.1435 81.965 21.5653C81.2789 21.9872 80.4757 22.1982 79.5552 22.1982ZM79.5616 20.5938C80.1582 20.5938 80.6525 20.4361 81.0446 20.1207C81.4366 19.8054 81.7264 19.3857 81.9139 18.8615C82.1056 18.3374 82.2015 17.7599 82.2015 17.1293C82.2015 16.5028 82.1056 15.9276 81.9139 15.4034C81.7264 14.875 81.4366 14.451 81.0446 14.1314C80.6525 13.8118 80.1582 13.652 79.5616 13.652C78.9608 13.652 78.4622 13.8118 78.0659 14.1314C77.6738 14.451 77.3819 14.875 77.1902 15.4034C77.0027 15.9276 76.9089 16.5028 76.9089 17.1293C76.9089 17.7599 77.0027 18.3374 77.1902 18.8615C77.3819 19.3857 77.6738 19.8054 78.0659 20.1207C78.4622 20.4361 78.9608 20.5938 79.5616 20.5938Z" fill="#0A2A42"/>
<defs>
<clipPath id="clip0_214_51">
<rect width="34" height="20" fill="white" transform="translate(0 5)"/>
</clipPath>
</defs>
</svg>
